A=[95.040001
95.220001
96.449997
95.32
94.779999
93.089996
94.43
93.940002
94.720001
97.190002
97.029999
97.669998
99.019997
98.379997
98.150002
95.599998
96.129997
95.589996
95.120003
94.959999
94.480003
94.739998
95.989998
95.970001
97.239998
97.5
97.980003
99.160004
100.529999
100.57
100.580002
101.32
101.540001
100.889999
102.129997
102.25
102.5
103.300003
98.940002
98.120003
98.970001
98.360001
97.989998
101
101.43
101.660004
101.629997
100.860001
101.580002
101.790001
100.959999
101.059998
102.639999
101.75
97.870003
100.75
100.110001
100.75
99.18
99.900002
99.620003
99.620003
98.75
100.800003
101.019997
100.730003
99.809998
98.75
97.540001
96.260002
97.669998
99.760002
102.470001
102.989998
104.830002
105.220001
105.110001
106.739998
107.339996
106.980003
108
109.400002
108.599998
108.860001
108.699997
109.010002
108.830002
109.699997
111.25
112.82
114.18
113.989998
115.470001
114.669998
116.309998
116.470001
118.629997
117.599998
119
118.93
115.07
114.629997
115.93
115.489998
115
112.400002
114.120003
111.949997
111.620003
109.730003
108.230003
106.75
109.410004
112.650002
111.779999
112.940002
112.540001
112.010002
113.989998
113.910004
112.519997
110.379997
109.330002
106.25
106.260002
107.75
111.889999
112.010002
109.25
110.220001
109.800003
106.82
105.989998
108.720001
109.550003
112.400002
112.980003
113.099998
109.139999
115.309998
118.900002
117.160004
118.629997
118.650002
119.559998
119.940002
118.93
119.720001
122.019997
124.879997
126.459999
127.080002
127.830002
128.720001
128.449997
129.5
133
132.169998
128.789993
130.419998
128.460007
129.089996
129.360001
128.539993
126.410004
126.599998
127.139999
124.510002
122.239998
124.449997
123.589996
124.949997
127.040001
128.470001
127.5
125.900002
127.209999
126.690002
123.379997
124.239998
123.25
126.370003
124.43
124.25
125.32
127.349998
126.010002
125.599998
126.559998
127.099998
126.849998
126.300003
126.779999
126.169998
124.75
127.599998
126.910004
128.619995
129.669998
130.279999
132.649994
130.559998
128.639999
125.150002
128.949997
128.699997
125.800003
125.010002
125.260002
127.620003
126.32
125.870003
126.010002
128.949997
128.770004
130.190002
130.070007
130.059998
131.389999
132.539993
129.619995
132.039993
131.779999
130.279999
130.539993
129.960007
130.119995
129.360001
128.649994
127.800003
127.419998
128.880005
128.589996
127.169998
126.919998
127.599998
127.300003
127.879997
126.599998
127.610001
127.029999
128.110001
127.5
126.75
124.529999
125.43
126.599998
126.440002
126
125.690002
122.57
120.07
123.279999
125.660004
125.610001
126.82
128.509995
129.619995
132.070007
130.75
125.220001
125.160004
124.5
122.769997
123.379997
122.989998
122.370003
121.300003
118.440002
114.639999
115.400002
115.129997
115.519997
119.720001
113.489998
115.239998
115.150002
115.959999
117.160004
116.5
115.010002
112.650002
105.760002
103.120003
103.739998
109.690002
112.919998
113.290001
112.760002
107.720001
112.339996
110.370003
109.269997
112.309998
110.150002
112.57
114.209999
115.309998
116.279999
116.410004
113.919998
113.449997
115.209999
113.400002
114.32
115
114.709999
112.440002
109.059998
110.300003
109.580002
110.379997
110.779999
111.309998
110.779999
109.5
112.120003
111.599998
111.790001
110.209999
111.860001
111.040001
111.730003
113.769997
113.760002
115.5
119.080002
115.279999
114.550003
119.269997
120.529999
119.5
121.18
122.57
122
120.919998
121.059998
120.57
116.769997
116.110001
115.720001
112.339996
114.18
113.690002
117.290001
118.779999
119.300003
117.75
118.879997
118.029999
117.809998
118.300003
117.339996
116.279999
115.199997
119.029999
118.279999
118.230003
115.620003
116.169998
113.18
112.480003
110.489998
111.339996
108.980003
106.029999
107.330002
107.230003
108.610001
108.029999
106.82
108.739998
107.32
105.260002
105.349998
102.709999
100.699997
96.449997
96.959999
98.529999
99.959999
97.389999
99.519997
97.129997
96.660004
96.790001
96.300003
101.419998
99.440002
99.989998
93.419998
94.089996
97.339996
96.43
94.480003
96.349998
96.599998
94.019997
95.010002
94.989998
94.269997
93.699997
93.989998
96.639999
]